# Kerr photon light ring, Teukolsky s=-2 (BHPToolkit MST, WorkingPrecision 40), E=1, single m = sign*(l-j)
# a    sign  l  j   l*Edot_I        l*Edot_H
    0    1   2  0   3.72835158e-02   1.79280159e-02
    0    1   2  1   9.98603250e-04   5.84556670e-03
    0    1   3  0   4.48227094e-02   2.21949963e-02
    0    1   3  1   1.70061841e-03   5.37761036e-03
    0    1   4  0   4.43282808e-02   2.29499040e-02
    0    1   4  1   2.08898104e-03   5.10725442e-03
    0    1   5  0   4.28889133e-02   2.31575681e-02
    0    1   5  1   2.33432273e-03   4.93422191e-03
    0    1   6  0   4.15289214e-02   2.32638498e-02
    0    1   6  1   2.50428093e-03   4.81208006e-03
  1/2    1   2  0   3.27560544e-02   1.37647292e-02
  1/2    1   2  1   5.42180129e-04   9.26339276e-03
  1/2    1   3  0   5.04235814e-02   2.08318850e-02
  1/2    1   3  1   1.08257125e-03   8.63370463e-03
  1/2    1   4  0   5.44300651e-02   2.31895743e-02
  1/2    1   4  1   1.46801399e-03   8.07171994e-03
  1/2    1   5  0   5.45655654e-02   2.42043809e-02
  1/2    1   5  1   1.75650387e-03   7.68801027e-03
  1/2    1   6  0   5.37099862e-02   2.47927659e-02
  1/2    1   6  1   1.98188154e-03   7.40833614e-03
  1/2   -1   2  0   3.57652169e-02   1.91668078e-02
  1/2   -1   2  1   1.28030420e-03   2.90842978e-03
  1/2   -1   3  0   3.77681720e-02   2.13434429e-02
  1/2   -1   3  1   1.99933039e-03   3.02885537e-03
  1/2   -1   4  0   3.60685332e-02   2.13898892e-02
  1/2   -1   4  1   2.33047165e-03   3.08366261e-03
  1/2   -1   5  0   3.44853113e-02   2.12806568e-02
  1/2   -1   5  1   2.51532723e-03   3.11377678e-03
  1/2   -1   6  0   3.32446955e-02   2.11969329e-02
  1/2   -1   6  1   2.63222680e-03   3.13220218e-03
 9/10    1   2  0   1.45326713e-02   5.36392817e-03
 9/10    1   2  1   6.45645714e-05   8.58634947e-03
 9/10    1   3  0   3.44599673e-02   1.14697667e-02
 9/10    1   3  1   1.91075758e-04   9.73525563e-03
 9/10    1   4  0   4.74466282e-02   1.55237949e-02
 9/10    1   4  1   3.37681215e-04   9.75014356e-03
 9/10    1   5  0   5.40489469e-02   1.79755970e-02
 9/10    1   5  1   4.89978581e-04   9.57187353e-03
 9/10    1   6  0   5.71042154e-02   1.95624996e-02
 9/10    1   6  1   6.40512778e-04   9.37873361e-03
 9/10   -1   2  0   3.33283760e-02   1.91647063e-02
 9/10   -1   2  1   1.42147140e-03   1.17586605e-03
 9/10   -1   3  0   3.30014320e-02   2.02726598e-02
 9/10   -1   3  1   2.11588858e-03   1.67224032e-03
 9/10   -1   4  0   3.10618755e-02   2.00483434e-02
 9/10   -1   4  1   2.39782849e-03   1.93010152e-03
 9/10   -1   5  0   2.95777922e-02   1.98256082e-02
 9/10   -1   5  1   2.54180314e-03   2.08587319e-03
 9/10   -1   6  0   2.84866959e-02   1.96721841e-02
 9/10   -1   6  1   2.62653999e-03   2.18995316e-03
